     001 002 003 004 005 006 007 008 
<<<<<<< HEAD
  A  422 314 853 983 035 958 336 710 
  B  473 925 253 412 179 603 474 621 
  C  049 900 375 816 990 808 656 674 
  D  989 651 869 494 323 213 309 744 
  E  246 163 446 998 121 500 708 593 
  F  425 961 724 323 283 198 943 050 
  G  816 037 865 807 844 241 200 552 
  H  891 069 047 214 282 355 677 527 
=======
  A  190 517 798 725 868 952 426 827 
  B  138 520 323 341 131 094 366 885 
  C  744 234 394 375 985 897 405 267 
  D  352 993 987 867 447 170 593 636 
  E  687 110 362 274 062 506 101 918 
  F  026 423 259 875 516 624 760 978 
  G  857 154 354 562 769 477 547 839 
  H  471 535 706 636 704 018 991 110 
>>>>>>> fe471b09c87478821e531d5046f81473c70cf3b5
